300.0 193.0
300.0 186.0
307.0 186.0
307.0 193.0
314.0 193.0
314.0 200.0
307.0 200.0
307.0 207.0
314.0 207.0
314.0 214.0
307.0 214.0
307.0 207.0
300.0 207.0
300.0 214.0
293.0 214.0
293.0 221.0
300.0 221.0
300.0 228.0
293.0 228.0
293.0 221.0
286.0 221.0
286.0 214.0
293.0 214.0
293.0 207.0
286.0 207.0
286.0 214.0
279.0 214.0
279.0 207.0
272.0 207.0
272.0 214.0
265.0 214.0
265.0 221.0
272.0 221.0
272.0 228.0
265.0 228.0
265.0 221.0
258.0 221.0
258.0 214.0
265.0 214.0
265.0 207.0
258.0 207.0
258.0 200.0
265.0 200.0
265.0 207.0
272.0 207.0
272.0 200.0
279.0 200.0
279.0 193.0
272.0 193.0
272.0 200.0
265.0 200.0
265.0 193.0
258.0 193.0
258.0 186.0
265.0 186.0
265.0 179.0
258.0 179.0
258.0 186.0
251.0 186.0
251.0 179.0
244.0 179.0
244.0 186.0
237.0 186.0
237.0 193.0
244.0 193.0
244.0 200.0
237.0 200.0
237.0 193.0
230.0 193.0
230.0 186.0
237.0 186.0
237.0 179.0
230.0 179.0
230.0 172.0
237.0 172.0
237.0 179.0
244.0 179.0
244.0 172.0
251.0 172.0
251.0 165.0
244.0 165.0
244.0 158.0
251.0 158.0
251.0 165.0
258.0 165.0
258.0 172.0
251.0 172.0
251.0 179.0
258.0 179.0
258.0 172.0
265.0 172.0
265.0 179.0
272.0 179.0
272.0 172.0
279.0 172.0
279.0 165.0
272.0 165.0
272.0 172.0
265.0 172.0
265.0 165.0
258.0 165.0
258.0 158.0
265.0 158.0
265.0 151.0
258.0 151.0
258.0 144.0
265.0 144.0
265.0 151.0
272.0 151.0
272.0 144.0
279.0 144.0
279.0 137.0
272.0 137.0
272.0 144.0
265.0 144.0
265.0 137.0
258.0 137.0
258.0 130.0
265.0 130.0
265.0 123.0
258.0 123.0
258.0 130.0
251.0 130.0
251.0 123.0
244.0 123.0
244.0 130.0
237.0 130.0
237.0 137.0
244.0 137.0
244.0 144.0
237.0 144.0
237.0 137.0
230.0 137.0
230.0 130.0
237.0 130.0
237.0 123.0
230.0 123.0
230.0 116.0
237.0 116.0
237.0 123.0
244.0 123.0
244.0 116.0
251.0 116.0
251.0 109.0
244.0 109.0
244.0 102.0
251.0 102.0
251.0 109.0
258.0 109.0
258.0 116.0
251.0 116.0
251.0 123.0
258.0 123.0
258.0 116.0
265.0 116.0
265.0 123.0
272.0 123.0
272.0 116.0
279.0 116.0
279.0 109.0
272.0 109.0
272.0 102.0
279.0 102.0
279.0 109.0
286.0 109.0
286.0 116.0
279.0 116.0
279.0 123.0
286.0 123.0
286.0 130.0
279.0 130.0
279.0 123.0
272.0 123.0
272.0 130.0
265.0 130.0
265.0 137.0
272.0 137.0
272.0 130.0
279.0 130.0
279.0 137.0
286.0 137.0
286.0 144.0
279.0 144.0
279.0 151.0
286.0 151.0
286.0 144.0
293.0 144.0
293.0 151.0
300.0 151.0
300.0 144.0
307.0 144.0
307.0 137.0
300.0 137.0
300.0 144.0
293.0 144.0
293.0 137.0
286.0 137.0
286.0 130.0
293.0 130.0
293.0 123.0
286.0 123.0
286.0 116.0
293.0 116.0
293.0 123.0
300.0 123.0
300.0 116.0
307.0 116.0
307.0 109.0
300.0 109.0
300.0 102.0
307.0 102.0
307.0 109.0
314.0 109.0
314.0 116.0
307.0 116.0
307.0 123.0
314.0 123.0
314.0 116.0
321.0 116.0
321.0 123.0
328.0 123.0
328.0 116.0
335.0 116.0
335.0 109.0
328.0 109.0
328.0 116.0
321.0 116.0
321.0 109.0
314.0 109.0
314.0 102.0
321.0 102.0
321.0 95.0
314.0 95.0
314.0 88.0
321.0 88.0
321.0 95.0
328.0 95.0
328.0 88.0
335.0 88.0
335.0 81.0
328.0 81.0
328.0 88.0
321.0 88.0
321.0 81.0
314.0 81.0
314.0 74.0
321.0 74.0
321.0 67.0
314.0 67.0
314.0 74.0
307.0 74.0
307.0 67.0
300.0 67.0
300.0 74.0
293.0 74.0
293.0 81.0
300.0 81.0
300.0 88.0
293.0 88.0
293.0 81.0
286.0 81.0
286.0 74.0
293.0 74.0
293.0 67.0
286.0 67.0
286.0 60.0
293.0 60.0
293.0 67.0
300.0 67.0
300.0 60.0
307.0 60.0
307.0 53.0
300.0 53.0
300.0 46.0
307.0 46.0
307.0 53.0
314.0 53.0
314.0 60.0
307.0 60.0
307.0 67.0
314.0 67.0
314.0 60.0
321.0 60.0
321.0 67.0
328.0 67.0
328.0 60.0
335.0 60.0
335.0 53.0
328.0 53.0
328.0 46.0
335.0 46.0
335.0 53.0
342.0 53.0
342.0 60.0
335.0 60.0
335.0 67.0
342.0 67.0
342.0 74.0
335.0 74.0
335.0 67.0
328.0 67.0
328.0 74.0
321.0 74.0
321.0 81.0
328.0 81.0
328.0 74.0
335.0 74.0
335.0 81.0
342.0 81.0
342.0 88.0
335.0 88.0
335.0 95.0
342.0 95.0
342.0 88.0
349.0 88.0
349.0 95.0
356.0 95.0
356.0 88.0
363.0 88.0
363.0 81.0
356.0 81.0
356.0 74.0
363.0 74.0
363.0 81.0
370.0 81.0
370.0 88.0
363.0 88.0
363.0 95.0
370.0 95.0
370.0 102.0
363.0 102.0
363.0 95.0
356.0 95.0
356.0 102.0
349.0 102.0
349.0 109.0
356.0 109.0
356.0 116.0
349.0 116.0
349.0 109.0
342.0 109.0
342.0 102.0
349.0 102.0
349.0 95.0
342.0 95.0
342.0 102.0
335.0 102.0
335.0 95.0
328.0 95.0
328.0 102.0
321.0 102.0
321.0 109.0
328.0 109.0
328.0 102.0
335.0 102.0
335.0 109.0
342.0 109.0
342.0 116.0
335.0 116.0
335.0 123.0
342.0 123.0
342.0 130.0
335.0 130.0
335.0 123.0
328.0 123.0
328.0 130.0
321.0 130.0
321.0 137.0
328.0 137.0
328.0 130.0
335.0 130.0
335.0 137.0
342.0 137.0
342.0 144.0
335.0 144.0
335.0 151.0
342.0 151.0
342.0 144.0
349.0 144.0
349.0 151.0
356.0 151.0
356.0 144.0
363.0 144.0
363.0 137.0
356.0 137.0
356.0 144.0
349.0 144.0
349.0 137.0
342.0 137.0
342.0 130.0
349.0 130.0
349.0 123.0
342.0 123.0
342.0 116.0
349.0 116.0
349.0 123.0
356.0 123.0
356.0 116.0
363.0 116.0
363.0 109.0
356.0 109.0
356.0 102.0
363.0 102.0
363.0 109.0
370.0 109.0
370.0 116.0
363.0 116.0
363.0 123.0
370.0 123.0
370.0 116.0
377.0 116.0
377.0 123.0
384.0 123.0
384.0 116.0
391.0 116.0
391.0 109.0
384.0 109.0
384.0 102.0
391.0 102.0
391.0 109.0
398.0 109.0
398.0 116.0
391.0 116.0
391.0 123.0
398.0 123.0
398.0 130.0
391.0 130.0
391.0 123.0
384.0 123.0
384.0 130.0
377.0 130.0
377.0 137.0
384.0 137.0
384.0 130.0
391.0 130.0
391.0 137.0
398.0 137.0
398.0 144.0
391.0 144.0
391.0 151.0
398.0 151.0
398.0 144.0
405.0 144.0
405.0 151.0
412.0 151.0
412.0 144.0
419.0 144.0
419.0 137.0
412.0 137.0
412.0 144.0
405.0 144.0
405.0 137.0
398.0 137.0
398.0 130.0
405.0 130.0
405.0 123.0
398.0 123.0
398.0 116.0
405.0 116.0
405.0 123.0
412.0 123.0
412.0 116.0
419.0 116.0
419.0 109.0
412.0 109.0
412.0 102.0
419.0 102.0
419.0 109.0
426.0 109.0
426.0 116.0
419.0 116.0
419.0 123.0
426.0 123.0
426.0 116.0
433.0 116.0
433.0 123.0
440.0 123.0
440.0 116.0
447.0 116.0
447.0 109.0
440.0 109.0
440.0 116.0
433.0 116.0
433.0 109.0
426.0 109.0
426.0 102.0
433.0 102.0
433.0 95.0
426.0 95.0
426.0 88.0
433.0 88.0
433.0 95.0
440.0 95.0
440.0 88.0
447.0 88.0
447.0 81.0
440.0 81.0
440.0 88.0
433.0 88.0
433.0 81.0
426.0 81.0
426.0 74.0
433.0 74.0
433.0 67.0
426.0 67.0
426.0 74.0
419.0 74.0
419.0 67.0
412.0 67.0
412.0 74.0
405.0 74.0
405.0 81.0
412.0 81.0
412.0 88.0
405.0 88.0
405.0 81.0
398.0 81.0
398.0 74.0
405.0 74.0
405.0 67.0
398.0 67.0
398.0 60.0
405.0 60.0
405.0 67.0
412.0 67.0
412.0 60.0
419.0 60.0
419.0 53.0
412.0 53.0
412.0 46.0
419.0 46.0
419.0 53.0
426.0 53.0
426.0 60.0
419.0 60.0
419.0 67.0
426.0 67.0
426.0 60.0
433.0 60.0
433.0 67.0
440.0 67.0
440.0 60.0
447.0 60.0
447.0 53.0
440.0 53.0
440.0 46.0
447.0 46.0
447.0 53.0
454.0 53.0
454.0 60.0
447.0 60.0
447.0 67.0
454.0 67.0
454.0 74.0
447.0 74.0
447.0 67.0
440.0 67.0
440.0 74.0
433.0 74.0
433.0 81.0
440.0 81.0
440.0 74.0
447.0 74.0
447.0 81.0
454.0 81.0
454.0 88.0
447.0 88.0
447.0 95.0
454.0 95.0
454.0 88.0
461.0 88.0
461.0 95.0
468.0 95.0
468.0 88.0
475.0 88.0
475.0 81.0
468.0 81.0
468.0 74.0
475.0 74.0
475.0 81.0
482.0 81.0
482.0 88.0
475.0 88.0
475.0 95.0
482.0 95.0
482.0 102.0
475.0 102.0
475.0 95.0
468.0 95.0
468.0 102.0
461.0 102.0
461.0 109.0
468.0 109.0
468.0 116.0
461.0 116.0
461.0 109.0
454.0 109.0
454.0 102.0
461.0 102.0
461.0 95.0
454.0 95.0
454.0 102.0
447.0 102.0
447.0 95.0
440.0 95.0
440.0 102.0
433.0 102.0
433.0 109.0
440.0 109.0
440.0 102.0
447.0 102.0
447.0 109.0
454.0 109.0
454.0 116.0
447.0 116.0
447.0 123.0
454.0 123.0
454.0 130.0
447.0 130.0
447.0 123.0
440.0 123.0
440.0 130.0
433.0 130.0
433.0 137.0
440.0 137.0
440.0 130.0
447.0 130.0
447.0 137.0
454.0 137.0
454.0 144.0
447.0 144.0
447.0 151.0
454.0 151.0
454.0 144.0
461.0 144.0
461.0 151.0
468.0 151.0
468.0 144.0
475.0 144.0
475.0 137.0
468.0 137.0
468.0 130.0
475.0 130.0
475.0 137.0
482.0 137.0
482.0 144.0
475.0 144.0
475.0 151.0
482.0 151.0
482.0 158.0
475.0 158.0
475.0 151.0
468.0 151.0
468.0 158.0
461.0 158.0
461.0 165.0
468.0 165.0
468.0 172.0
461.0 172.0
461.0 165.0
454.0 165.0
454.0 158.0
461.0 158.0
461.0 151.0
454.0 151.0
454.0 158.0
447.0 158.0
447.0 151.0
440.0 151.0
440.0 158.0
433.0 158.0
433.0 165.0
440.0 165.0
440.0 172.0
433.0 172.0
433.0 165.0
426.0 165.0
426.0 158.0
433.0 158.0
433.0 151.0
426.0 151.0
426.0 144.0
433.0 144.0
433.0 151.0
440.0 151.0
440.0 144.0
447.0 144.0
447.0 137.0
440.0 137.0
440.0 144.0
433.0 144.0
433.0 137.0
426.0 137.0
426.0 130.0
433.0 130.0
433.0 123.0
426.0 123.0
426.0 130.0
419.0 130.0
419.0 123.0
412.0 123.0
412.0 130.0
405.0 130.0
405.0 137.0
412.0 137.0
412.0 130.0
419.0 130.0
419.0 137.0
426.0 137.0
426.0 144.0
419.0 144.0
419.0 151.0
426.0 151.0
426.0 158.0
419.0 158.0
419.0 151.0
412.0 151.0
412.0 158.0
405.0 158.0
405.0 165.0
412.0 165.0
412.0 172.0
405.0 172.0
405.0 165.0
398.0 165.0
398.0 158.0
405.0 158.0
405.0 151.0
398.0 151.0
398.0 158.0
391.0 158.0
391.0 151.0
384.0 151.0
384.0 158.0
377.0 158.0
377.0 165.0
384.0 165.0
384.0 158.0
391.0 158.0
391.0 165.0
398.0 165.0
398.0 172.0
391.0 172.0
391.0 179.0
398.0 179.0
398.0 186.0
391.0 186.0
391.0 179.0
384.0 179.0
384.0 186.0
377.0 186.0
377.0 193.0
384.0 193.0
384.0 186.0
391.0 186.0
391.0 193.0
398.0 193.0
398.0 200.0
391.0 200.0
391.0 207.0
398.0 207.0
398.0 200.0
405.0 200.0
405.0 207.0
412.0 207.0
412.0 200.0
419.0 200.0
419.0 193.0
412.0 193.0
412.0 200.0
405.0 200.0
405.0 193.0
398.0 193.0
398.0 186.0
405.0 186.0
405.0 179.0
398.0 179.0
398.0 172.0
405.0 172.0
405.0 179.0
412.0 179.0
412.0 172.0
419.0 172.0
419.0 165.0
412.0 165.0
412.0 158.0
419.0 158.0
419.0 165.0
426.0 165.0
426.0 172.0
419.0 172.0
419.0 179.0
426.0 179.0
426.0 172.0
433.0 172.0
433.0 179.0
440.0 179.0
440.0 172.0
447.0 172.0
447.0 165.0
440.0 165.0
440.0 158.0
447.0 158.0
447.0 165.0
454.0 165.0
454.0 172.0
447.0 172.0
447.0 179.0
454.0 179.0
454.0 186.0
447.0 186.0
447.0 179.0
440.0 179.0
440.0 186.0
433.0 186.0
433.0 193.0
440.0 193.0
440.0 186.0
447.0 186.0
447.0 193.0
454.0 193.0
454.0 200.0
447.0 200.0
447.0 207.0
454.0 207.0
454.0 200.0
461.0 200.0
461.0 207.0
468.0 207.0
468.0 200.0
475.0 200.0
475.0 193.0
468.0 193.0
468.0 186.0
475.0 186.0
475.0 193.0
482.0 193.0
482.0 200.0
475.0 200.0
475.0 207.0
482.0 207.0
482.0 214.0
475.0 214.0
475.0 207.0
468.0 207.0
468.0 214.0
461.0 214.0
461.0 221.0
468.0 221.0
468.0 228.0
461.0 228.0
461.0 221.0
454.0 221.0
454.0 214.0
461.0 214.0
461.0 207.0
454.0 207.0
454.0 214.0
447.0 214.0
447.0 207.0
440.0 207.0
440.0 214.0
433.0 214.0
433.0 221.0
440.0 221.0
440.0 214.0
447.0 214.0
447.0 221.0
454.0 221.0
454.0 228.0
447.0 228.0
447.0 235.0
454.0 235.0
454.0 242.0
447.0 242.0
447.0 235.0
440.0 235.0
440.0 242.0
433.0 242.0
433.0 249.0
440.0 249.0
440.0 242.0
447.0 242.0
447.0 249.0
454.0 249.0
454.0 256.0
447.0 256.0
447.0 263.0
454.0 263.0
454.0 256.0
461.0 256.0
461.0 263.0
468.0 263.0
468.0 256.0
475.0 256.0
475.0 249.0
468.0 249.0
468.0 256.0
461.0 256.0
461.0 249.0
454.0 249.0
454.0 242.0
461.0 242.0
461.0 235.0
454.0 235.0
454.0 228.0
461.0 228.0
461.0 235.0
468.0 235.0
468.0 228.0
475.0 228.0
475.0 221.0
468.0 221.0
468.0 214.0
475.0 214.0
475.0 221.0
482.0 221.0
482.0 228.0
475.0 228.0
475.0 235.0
482.0 235.0
482.0 228.0
489.0 228.0
489.0 235.0
496.0 235.0
496.0 228.0
503.0 228.0
503.0 221.0
496.0 221.0
496.0 214.0
503.0 214.0
503.0 221.0
510.0 221.0
510.0 228.0
503.0 228.0
503.0 235.0
510.0 235.0
510.0 242.0
503.0 242.0
503.0 235.0
496.0 235.0
496.0 242.0
489.0 242.0
489.0 249.0
496.0 249.0
496.0 242.0
503.0 242.0
503.0 249.0
510.0 249.0
510.0 256.0
503.0 256.0
503.0 263.0
510.0 263.0
510.0 256.0
517.0 256.0
517.0 263.0
524.0 263.0
524.0 256.0
531.0 256.0
531.0 249.0
524.0 249.0
524.0 256.0
517.0 256.0
517.0 249.0
510.0 249.0
510.0 242.0
517.0 242.0
517.0 235.0
510.0 235.0
510.0 228.0
517.0 228.0
517.0 235.0
524.0 235.0
524.0 228.0
531.0 228.0
531.0 221.0
524.0 221.0
524.0 214.0
531.0 214.0
531.0 221.0
538.0 221.0
538.0 228.0
531.0 228.0
531.0 235.0
538.0 235.0
538.0 228.0
545.0 228.0
545.0 235.0
552.0 235.0
552.0 228.0
559.0 228.0
559.0 221.0
552.0 221.0
552.0 228.0
545.0 228.0
545.0 221.0
538.0 221.0
538.0 214.0
545.0 214.0
545.0 207.0
538.0 207.0
538.0 200.0
545.0 200.0
545.0 207.0
552.0 207.0
552.0 200.0
559.0 200.0
559.0 193.0
552.0 193.0
552.0 200.0
545.0 200.0
545.0 193.0
538.0 193.0
538.0 186.0
545.0 186.0
545.0 179.0
538.0 179.0
538.0 186.0
531.0 186.0
531.0 179.0
524.0 179.0
524.0 186.0
517.0 186.0
517.0 193.0
524.0 193.0
524.0 200.0
517.0 200.0
517.0 193.0
510.0 193.0
510.0 186.0
517.0 186.0
517.0 179.0
510.0 179.0
510.0 172.0
517.0 172.0
517.0 179.0
524.0 179.0
524.0 172.0
531.0 172.0
531.0 165.0
524.0 165.0
524.0 158.0
531.0 158.0
531.0 165.0
538.0 165.0
538.0 172.0
531.0 172.0
531.0 179.0
538.0 179.0
538.0 172.0
545.0 172.0
545.0 179.0
552.0 179.0
552.0 172.0
559.0 172.0
559.0 165.0
552.0 165.0
552.0 158.0
559.0 158.0
559.0 165.0
566.0 165.0
566.0 172.0
559.0 172.0
559.0 179.0
566.0 179.0
566.0 186.0
559.0 186.0
559.0 179.0
552.0 179.0
552.0 186.0
545.0 186.0
545.0 193.0
552.0 193.0
552.0 186.0
559.0 186.0
559.0 193.0
566.0 193.0
566.0 200.0
559.0 200.0
559.0 207.0
566.0 207.0
566.0 200.0
573.0 200.0
573.0 207.0
580.0 207.0
580.0 200.0
587.0 200.0
587.0 193.0
580.0 193.0
580.0 186.0
587.0 186.0
587.0 193.0
594.0 193.0
594.0 200.0
587.0 200.0
587.0 207.0
594.0 207.0
594.0 214.0
587.0 214.0
587.0 207.0
580.0 207.0
580.0 214.0
573.0 214.0
573.0 221.0
580.0 221.0
580.0 228.0
573.0 228.0
573.0 221.0
566.0 221.0
566.0 214.0
573.0 214.0
573.0 207.0
566.0 207.0
566.0 214.0
559.0 214.0
559.0 207.0
552.0 207.0
552.0 214.0
545.0 214.0
545.0 221.0
552.0 221.0
552.0 214.0
559.0 214.0
559.0 221.0
566.0 221.0
566.0 228.0
559.0 228.0
559.0 235.0
566.0 235.0
566.0 242.0
559.0 242.0
559.0 235.0
552.0 235.0
552.0 242.0
545.0 242.0
545.0 249.0
552.0 249.0
552.0 242.0
559.0 242.0
559.0 249.0
566.0 249.0
566.0 256.0
559.0 256.0
559.0 263.0
566.0 263.0
566.0 256.0
573.0 256.0
573.0 263.0
580.0 263.0
580.0 256.0
587.0 256.0
587.0 249.0
580.0 249.0
580.0 242.0
587.0 242.0
587.0 249.0
594.0 249.0
594.0 256.0
587.0 256.0
587.0 263.0
594.0 263.0
594.0 270.0
587.0 270.0
587.0 263.0
580.0 263.0
580.0 270.0
573.0 270.0
573.0 277.0
580.0 277.0
580.0 284.0
573.0 284.0
573.0 277.0
566.0 277.0
566.0 270.0
573.0 270.0
573.0 263.0
566.0 263.0
566.0 270.0
559.0 270.0
559.0 263.0
552.0 263.0
552.0 270.0
545.0 270.0
545.0 277.0
552.0 277.0
552.0 284.0
545.0 284.0
545.0 277.0
538.0 277.0
538.0 270.0
545.0 270.0
545.0 263.0
538.0 263.0
538.0 256.0
545.0 256.0
545.0 263.0
552.0 263.0
552.0 256.0
559.0 256.0
559.0 249.0
552.0 249.0
552.0 256.0
545.0 256.0
545.0 249.0
538.0 249.0
538.0 242.0
545.0 242.0
545.0 235.0
538.0 235.0
538.0 242.0
531.0 242.0
531.0 235.0
524.0 235.0
524.0 242.0
517.0 242.0
517.0 249.0
524.0 249.0
524.0 242.0
531.0 242.0
531.0 249.0
538.0 249.0
538.0 256.0
531.0 256.0
531.0 263.0
538.0 263.0
538.0 270.0
531.0 270.0
531.0 263.0
524.0 263.0
524.0 270.0
517.0 270.0
517.0 277.0
524.0 277.0
524.0 284.0
517.0 284.0
517.0 277.0
510.0 277.0
510.0 270.0
517.0 270.0
517.0 263.0
510.0 263.0
510.0 270.0
503.0 270.0
503.0 263.0
496.0 263.0
496.0 270.0
489.0 270.0
489.0 277.0
496.0 277.0
496.0 270.0
503.0 270.0
503.0 277.0
510.0 277.0
510.0 284.0
503.0 284.0
503.0 291.0
510.0 291.0
510.0 298.0
503.0 298.0
503.0 291.0
496.0 291.0
496.0 298.0
489.0 298.0
489.0 305.0
496.0 305.0
496.0 298.0
503.0 298.0
503.0 305.0
510.0 305.0
510.0 312.0
503.0 312.0
503.0 319.0
510.0 319.0
510.0 312.0
517.0 312.0
517.0 319.0
524.0 319.0
524.0 312.0
531.0 312.0
531.0 305.0
524.0 305.0
524.0 298.0
531.0 298.0
531.0 305.0
538.0 305.0
538.0 312.0
531.0 312.0
531.0 319.0
538.0 319.0
538.0 326.0
531.0 326.0
531.0 319.0
524.0 319.0
524.0 326.0
517.0 326.0
517.0 333.0
524.0 333.0
524.0 340.0
517.0 340.0
517.0 333.0
510.0 333.0
510.0 326.0
517.0 326.0
517.0 319.0
510.0 319.0
510.0 326.0
503.0 326.0
503.0 319.0
496.0 319.0
496.0 326.0
489.0 326.0
489.0 333.0
496.0 333.0
496.0 340.0
489.0 340.0
489.0 333.0
482.0 333.0
482.0 326.0
489.0 326.0
489.0 319.0
482.0 319.0
482.0 312.0
489.0 312.0
489.0 319.0
496.0 319.0
496.0 312.0
503.0 312.0
503.0 305.0
496.0 305.0
496.0 312.0
489.0 312.0
489.0 305.0
482.0 305.0
482.0 298.0
489.0 298.0
489.0 291.0
482.0 291.0
482.0 298.0
475.0 298.0
475.0 291.0
468.0 291.0
468.0 298.0
461.0 298.0
461.0 305.0
468.0 305.0
468.0 312.0
461.0 312.0
461.0 305.0
454.0 305.0
454.0 298.0
461.0 298.0
461.0 291.0
454.0 291.0
454.0 284.0
461.0 284.0
461.0 291.0
468.0 291.0
468.0 284.0
475.0 284.0
475.0 277.0
468.0 277.0
468.0 270.0
475.0 270.0
475.0 277.0
482.0 277.0
482.0 284.0
475.0 284.0
475.0 291.0
482.0 291.0
482.0 284.0
489.0 284.0
489.0 291.0
496.0 291.0
496.0 284.0
503.0 284.0
503.0 277.0
496.0 277.0
496.0 284.0
489.0 284.0
489.0 277.0
482.0 277.0
482.0 270.0
489.0 270.0
489.0 263.0
482.0 263.0
482.0 256.0
489.0 256.0
489.0 263.0
496.0 263.0
496.0 256.0
503.0 256.0
503.0 249.0
496.0 249.0
496.0 256.0
489.0 256.0
489.0 249.0
482.0 249.0
482.0 242.0
489.0 242.0
489.0 235.0
482.0 235.0
482.0 242.0
475.0 242.0
475.0 235.0
468.0 235.0
468.0 242.0
461.0 242.0
461.0 249.0
468.0 249.0
468.0 242.0
475.0 242.0
475.0 249.0
482.0 249.0
482.0 256.0
475.0 256.0
475.0 263.0
482.0 263.0
482.0 270.0
475.0 270.0
475.0 263.0
468.0 263.0
468.0 270.0
461.0 270.0
461.0 277.0
468.0 277.0
468.0 284.0
461.0 284.0
461.0 277.0
454.0 277.0
454.0 270.0
461.0 270.0
461.0 263.0
454.0 263.0
454.0 270.0
447.0 270.0
447.0 263.0
440.0 263.0
440.0 270.0
433.0 270.0
433.0 277.0
440.0 277.0
440.0 284.0
433.0 284.0
433.0 277.0
426.0 277.0
426.0 270.0
433.0 270.0
433.0 263.0
426.0 263.0
426.0 256.0
433.0 256.0
433.0 263.0
440.0 263.0
440.0 256.0
447.0 256.0
447.0 249.0
440.0 249.0
440.0 256.0
433.0 256.0
433.0 249.0
426.0 249.0
426.0 242.0
433.0 242.0
433.0 235.0
426.0 235.0
426.0 242.0
419.0 242.0
419.0 235.0
412.0 235.0
412.0 242.0
405.0 242.0
405.0 249.0
412.0 249.0
412.0 242.0
419.0 242.0
419.0 249.0
426.0 249.0
426.0 256.0
419.0 256.0
419.0 263.0
426.0 263.0
426.0 270.0
419.0 270.0
419.0 263.0
412.0 263.0
412.0 270.0
405.0 270.0
405.0 277.0
412.0 277.0
412.0 284.0
405.0 284.0
405.0 277.0
398.0 277.0
398.0 270.0
405.0 270.0
405.0 263.0
398.0 263.0
398.0 270.0
391.0 270.0
391.0 263.0
384.0 263.0
384.0 270.0
377.0 270.0
377.0 277.0
384.0 277.0
384.0 270.0
391.0 270.0
391.0 277.0
398.0 277.0
398.0 284.0
391.0 284.0
391.0 291.0
398.0 291.0
398.0 298.0
391.0 298.0
391.0 291.0
384.0 291.0
384.0 298.0
377.0 298.0
377.0 305.0
384.0 305.0
384.0 298.0
391.0 298.0
391.0 305.0
398.0 305.0
398.0 312.0
391.0 312.0
391.0 319.0
398.0 319.0
398.0 312.0
405.0 312.0
405.0 319.0
412.0 319.0
412.0 312.0
419.0 312.0
419.0 305.0
412.0 305.0
412.0 312.0
405.0 312.0
405.0 305.0
398.0 305.0
398.0 298.0
405.0 298.0
405.0 291.0
398.0 291.0
398.0 284.0
405.0 284.0
405.0 291.0
412.0 291.0
412.0 284.0
419.0 284.0
419.0 277.0
412.0 277.0
412.0 270.0
419.0 270.0
419.0 277.0
426.0 277.0
426.0 284.0
419.0 284.0
419.0 291.0
426.0 291.0
426.0 284.0
433.0 284.0
433.0 291.0
440.0 291.0
440.0 284.0
447.0 284.0
447.0 277.0
440.0 277.0
440.0 270.0
447.0 270.0
447.0 277.0
454.0 277.0
454.0 284.0
447.0 284.0
447.0 291.0
454.0 291.0
454.0 298.0
447.0 298.0
447.0 291.0
440.0 291.0
440.0 298.0
433.0 298.0
433.0 305.0
440.0 305.0
440.0 298.0
447.0 298.0
447.0 305.0
454.0 305.0
454.0 312.0
447.0 312.0
447.0 319.0
454.0 319.0
454.0 312.0
461.0 312.0
461.0 319.0
468.0 319.0
468.0 312.0
475.0 312.0
475.0 305.0
468.0 305.0
468.0 298.0
475.0 298.0
475.0 305.0
482.0 305.0
482.0 312.0
475.0 312.0
475.0 319.0
482.0 319.0
482.0 326.0
475.0 326.0
475.0 319.0
468.0 319.0
468.0 326.0
461.0 326.0
461.0 333.0
468.0 333.0
468.0 340.0
461.0 340.0
461.0 333.0
454.0 333.0
454.0 326.0
461.0 326.0
461.0 319.0
454.0 319.0
454.0 326.0
447.0 326.0
447.0 319.0
440.0 319.0
440.0 326.0
433.0 326.0
433.0 333.0
440.0 333.0
440.0 326.0
447.0 326.0
447.0 333.0
454.0 333.0
454.0 340.0
447.0 340.0
447.0 347.0
454.0 347.0
454.0 354.0
447.0 354.0
447.0 347.0
440.0 347.0
440.0 354.0
433.0 354.0
433.0 361.0
440.0 361.0
440.0 354.0
447.0 354.0
447.0 361.0
454.0 361.0
454.0 368.0
447.0 368.0
447.0 375.0
454.0 375.0
454.0 368.0
461.0 368.0
461.0 375.0
468.0 375.0
468.0 368.0
475.0 368.0
475.0 361.0
468.0 361.0
468.0 354.0
475.0 354.0
475.0 361.0
482.0 361.0
482.0 368.0
475.0 368.0
475.0 375.0
482.0 375.0
482.0 382.0
475.0 382.0
475.0 375.0
468.0 375.0
468.0 382.0
461.0 382.0
461.0 389.0
468.0 389.0
468.0 396.0
461.0 396.0
461.0 389.0
454.0 389.0
454.0 382.0
461.0 382.0
461.0 375.0
454.0 375.0
454.0 382.0
447.0 382.0
447.0 375.0
440.0 375.0
440.0 382.0
433.0 382.0
433.0 389.0
440.0 389.0
440.0 396.0
433.0 396.0
433.0 389.0
426.0 389.0
426.0 382.0
433.0 382.0
433.0 375.0
426.0 375.0
426.0 368.0
433.0 368.0
433.0 375.0
440.0 375.0
440.0 368.0
447.0 368.0
447.0 361.0
440.0 361.0
440.0 368.0
433.0 368.0
433.0 361.0
426.0 361.0
426.0 354.0
433.0 354.0
433.0 347.0
426.0 347.0
426.0 354.0
419.0 354.0
419.0 347.0
412.0 347.0
412.0 354.0
405.0 354.0
405.0 361.0
412.0 361.0
412.0 354.0
419.0 354.0
419.0 361.0
426.0 361.0
426.0 368.0
419.0 368.0
419.0 375.0
426.0 375.0
426.0 382.0
419.0 382.0
419.0 375.0
412.0 375.0
412.0 382.0
405.0 382.0
405.0 389.0
412.0 389.0
412.0 396.0
405.0 396.0
405.0 389.0
398.0 389.0
398.0 382.0
405.0 382.0
405.0 375.0
398.0 375.0
398.0 382.0
391.0 382.0
391.0 375.0
384.0 375.0
384.0 382.0
377.0 382.0
377.0 389.0
384.0 389.0
384.0 382.0
391.0 382.0
391.0 389.0
398.0 389.0
398.0 396.0
391.0 396.0
391.0 403.0
398.0 403.0
398.0 410.0
391.0 410.0
391.0 403.0
384.0 403.0
384.0 410.0
377.0 410.0
377.0 417.0
384.0 417.0
384.0 410.0
391.0 410.0
391.0 417.0
398.0 417.0
398.0 424.0
391.0 424.0
391.0 431.0
398.0 431.0
398.0 424.0
405.0 424.0
405.0 431.0
412.0 431.0
412.0 424.0
419.0 424.0
419.0 417.0
412.0 417.0
412.0 424.0
405.0 424.0
405.0 417.0
398.0 417.0
398.0 410.0
405.0 410.0
405.0 403.0
398.0 403.0
398.0 396.0
405.0 396.0
405.0 403.0
412.0 403.0
412.0 396.0
419.0 396.0
419.0 389.0
412.0 389.0
412.0 382.0
419.0 382.0
419.0 389.0
426.0 389.0
426.0 396.0
419.0 396.0
419.0 403.0
426.0 403.0
426.0 396.0
433.0 396.0
433.0 403.0
440.0 403.0
440.0 396.0
447.0 396.0
447.0 389.0
440.0 389.0
440.0 382.0
447.0 382.0
447.0 389.0
454.0 389.0
454.0 396.0
447.0 396.0
447.0 403.0
454.0 403.0
454.0 410.0
447.0 410.0
447.0 403.0
440.0 403.0
440.0 410.0
433.0 410.0
433.0 417.0
440.0 417.0
440.0 410.0
447.0 410.0
447.0 417.0
454.0 417.0
454.0 424.0
447.0 424.0
447.0 431.0
454.0 431.0
454.0 424.0
461.0 424.0
461.0 431.0
468.0 431.0
468.0 424.0
475.0 424.0
475.0 417.0
468.0 417.0
468.0 410.0
475.0 410.0
475.0 417.0
482.0 417.0
482.0 424.0
475.0 424.0
475.0 431.0
482.0 431.0
482.0 438.0
475.0 438.0
475.0 431.0
468.0 431.0
468.0 438.0
461.0 438.0
461.0 445.0
468.0 445.0
468.0 452.0
461.0 452.0
461.0 445.0
454.0 445.0
454.0 438.0
461.0 438.0
461.0 431.0
454.0 431.0
454.0 438.0
447.0 438.0
447.0 431.0
440.0 431.0
440.0 438.0
433.0 438.0
433.0 445.0
440.0 445.0
440.0 438.0
447.0 438.0
447.0 445.0
454.0 445.0
454.0 452.0
447.0 452.0
447.0 459.0
454.0 459.0
454.0 466.0
447.0 466.0
447.0 459.0
440.0 459.0
440.0 466.0
433.0 466.0
433.0 473.0
440.0 473.0
440.0 466.0
447.0 466.0
447.0 473.0
454.0 473.0
454.0 480.0
447.0 480.0
447.0 487.0
454.0 487.0
454.0 480.0
461.0 480.0
461.0 487.0
468.0 487.0
468.0 480.0
475.0 480.0
475.0 473.0
468.0 473.0
468.0 480.0
461.0 480.0
461.0 473.0
454.0 473.0
454.0 466.0
461.0 466.0
461.0 459.0
454.0 459.0
454.0 452.0
461.0 452.0
461.0 459.0
468.0 459.0
468.0 452.0
475.0 452.0
475.0 445.0
468.0 445.0
468.0 438.0
475.0 438.0
475.0 445.0
482.0 445.0
482.0 452.0
475.0 452.0
475.0 459.0
482.0 459.0
482.0 452.0
489.0 452.0
489.0 459.0
496.0 459.0
496.0 452.0
503.0 452.0
503.0 445.0
496.0 445.0
496.0 438.0
503.0 438.0
503.0 445.0
510.0 445.0
510.0 452.0
503.0 452.0
503.0 459.0
510.0 459.0
510.0 466.0
503.0 466.0
503.0 459.0
496.0 459.0
496.0 466.0
489.0 466.0
489.0 473.0
496.0 473.0
496.0 466.0
503.0 466.0
503.0 473.0
510.0 473.0
510.0 480.0
503.0 480.0
503.0 487.0
510.0 487.0
510.0 480.0
517.0 480.0
517.0 487.0
524.0 487.0
524.0 480.0
531.0 480.0
531.0 473.0
524.0 473.0
524.0 480.0
517.0 480.0
517.0 473.0
510.0 473.0
510.0 466.0
517.0 466.0
517.0 459.0
510.0 459.0
510.0 452.0
517.0 452.0
517.0 459.0
524.0 459.0
524.0 452.0
531.0 452.0
531.0 445.0
524.0 445.0
524.0 438.0
531.0 438.0
531.0 445.0
538.0 445.0
538.0 452.0
531.0 452.0
531.0 459.0
538.0 459.0
538.0 452.0
545.0 452.0
545.0 459.0
552.0 459.0
552.0 452.0
559.0 452.0
559.0 445.0
552.0 445.0
552.0 452.0
545.0 452.0
545.0 445.0
538.0 445.0
538.0 438.0
545.0 438.0
545.0 431.0
538.0 431.0
538.0 424.0
545.0 424.0
545.0 431.0
552.0 431.0
552.0 424.0
559.0 424.0
559.0 417.0
552.0 417.0
552.0 424.0
545.0 424.0
545.0 417.0
538.0 417.0
538.0 410.0
545.0 410.0
545.0 403.0
538.0 403.0
538.0 410.0
531.0 410.0
531.0 403.0
524.0 403.0
524.0 410.0
517.0 410.0
517.0 417.0
524.0 417.0
524.0 424.0
517.0 424.0
517.0 417.0
510.0 417.0
510.0 410.0
517.0 410.0
517.0 403.0
510.0 403.0
510.0 396.0
517.0 396.0
517.0 403.0
524.0 403.0
524.0 396.0
531.0 396.0
531.0 389.0
524.0 389.0
524.0 382.0
531.0 382.0
531.0 389.0
538.0 389.0
538.0 396.0
531.0 396.0
531.0 403.0
538.0 403.0
538.0 396.0
545.0 396.0
545.0 403.0
552.0 403.0
552.0 396.0
559.0 396.0
559.0 389.0
552.0 389.0
552.0 382.0
559.0 382.0
559.0 389.0
566.0 389.0
566.0 396.0
559.0 396.0
559.0 403.0
566.0 403.0
566.0 410.0
559.0 410.0
559.0 403.0
552.0 403.0
552.0 410.0
545.0 410.0
545.0 417.0
552.0 417.0
552.0 410.0
559.0 410.0
559.0 417.0
566.0 417.0
566.0 424.0
559.0 424.0
559.0 431.0
566.0 431.0
566.0 424.0
573.0 424.0
573.0 431.0
580.0 431.0
580.0 424.0
587.0 424.0
587.0 417.0
580.0 417.0
580.0 410.0
587.0 410.0
587.0 417.0
594.0 417.0
594.0 424.0
587.0 424.0
587.0 431.0
594.0 431.0
594.0 438.0
587.0 438.0
587.0 431.0
580.0 431.0
580.0 438.0
573.0 438.0
573.0 445.0
580.0 445.0
580.0 452.0
573.0 452.0
573.0 445.0
566.0 445.0
566.0 438.0
573.0 438.0
573.0 431.0
566.0 431.0
566.0 438.0
559.0 438.0
559.0 431.0
552.0 431.0
552.0 438.0
545.0 438.0
545.0 445.0
552.0 445.0
552.0 438.0
559.0 438.0
559.0 445.0
566.0 445.0
566.0 452.0
559.0 452.0
559.0 459.0
566.0 459.0
566.0 466.0
559.0 466.0
559.0 459.0
552.0 459.0
552.0 466.0
545.0 466.0
545.0 473.0
552.0 473.0
552.0 466.0
559.0 466.0
559.0 473.0
566.0 473.0
566.0 480.0
559.0 480.0
559.0 487.0
566.0 487.0
566.0 480.0
573.0 480.0
573.0 487.0
580.0 487.0
580.0 480.0
587.0 480.0
587.0 473.0
580.0 473.0
580.0 466.0
587.0 466.0
587.0 473.0
594.0 473.0
594.0 480.0
587.0 480.0
587.0 487.0
594.0 487.0
594.0 494.0
587.0 494.0
587.0 487.0
580.0 487.0
580.0 494.0
573.0 494.0
573.0 501.0
580.0 501.0
580.0 508.0
573.0 508.0
573.0 501.0
566.0 501.0
566.0 494.0
573.0 494.0
573.0 487.0
566.0 487.0
566.0 494.0
559.0 494.0
559.0 487.0
552.0 487.0
552.0 494.0
545.0 494.0
545.0 501.0
552.0 501.0
552.0 508.0
545.0 508.0
545.0 501.0
538.0 501.0
538.0 494.0
545.0 494.0
545.0 487.0
538.0 487.0
538.0 480.0
545.0 480.0
545.0 487.0
552.0 487.0
552.0 480.0
559.0 480.0
559.0 473.0
552.0 473.0
552.0 480.0
545.0 480.0
545.0 473.0
538.0 473.0
538.0 466.0
545.0 466.0
545.0 459.0
538.0 459.0
538.0 466.0
531.0 466.0
531.0 459.0
524.0 459.0
524.0 466.0
517.0 466.0
517.0 473.0
524.0 473.0
524.0 466.0
531.0 466.0
531.0 473.0
538.0 473.0
538.0 480.0
531.0 480.0
531.0 487.0
538.0 487.0
538.0 494.0
531.0 494.0
531.0 487.0
524.0 487.0
524.0 494.0
517.0 494.0
517.0 501.0
524.0 501.0
524.0 508.0
517.0 508.0
517.0 501.0
510.0 501.0
510.0 494.0
517.0 494.0
517.0 487.0
510.0 487.0
510.0 494.0
503.0 494.0
503.0 487.0
496.0 487.0
496.0 494.0
489.0 494.0
489.0 501.0
496.0 501.0
496.0 494.0
503.0 494.0
503.0 501.0
510.0 501.0
510.0 508.0
503.0 508.0
503.0 515.0
510.0 515.0
510.0 522.0
503.0 522.0
503.0 515.0
496.0 515.0
496.0 522.0
489.0 522.0
489.0 529.0
496.0 529.0
496.0 522.0
503.0 522.0
503.0 529.0
510.0 529.0
510.0 536.0
503.0 536.0
503.0 543.0
510.0 543.0
510.0 536.0
517.0 536.0
517.0 543.0
524.0 543.0
524.0 536.0
531.0 536.0
531.0 529.0
524.0 529.0
524.0 522.0
531.0 522.0
531.0 529.0
538.0 529.0
538.0 536.0
531.0 536.0
531.0 543.0
538.0 543.0
538.0 550.0
531.0 550.0
531.0 543.0
524.0 543.0
524.0 550.0
517.0 550.0
517.0 557.0
524.0 557.0
524.0 564.0
517.0 564.0
517.0 557.0
510.0 557.0
510.0 550.0
517.0 550.0
517.0 543.0
510.0 543.0
510.0 550.0
503.0 550.0
503.0 543.0
496.0 543.0
496.0 550.0
489.0 550.0
489.0 557.0
496.0 557.0
496.0 564.0
489.0 564.0
489.0 557.0
482.0 557.0
482.0 550.0
489.0 550.0
489.0 543.0
482.0 543.0
482.0 536.0
489.0 536.0
489.0 543.0
496.0 543.0
496.0 536.0
503.0 536.0
503.0 529.0
496.0 529.0
496.0 536.0
489.0 536.0
489.0 529.0
482.0 529.0
482.0 522.0
489.0 522.0
489.0 515.0
482.0 515.0
482.0 522.0
475.0 522.0
475.0 515.0
468.0 515.0
468.0 522.0
461.0 522.0
461.0 529.0
468.0 529.0
468.0 536.0
461.0 536.0
461.0 529.0
454.0 529.0
454.0 522.0
461.0 522.0
461.0 515.0
454.0 515.0
454.0 508.0
461.0 508.0
461.0 515.0
468.0 515.0
468.0 508.0
475.0 508.0
475.0 501.0
468.0 501.0
468.0 494.0
475.0 494.0
475.0 501.0
482.0 501.0
482.0 508.0
475.0 508.0
475.0 515.0
482.0 515.0
482.0 508.0
489.0 508.0
489.0 515.0
496.0 515.0
496.0 508.0
503.0 508.0
503.0 501.0
496.0 501.0
496.0 508.0
489.0 508.0
489.0 501.0
482.0 501.0
482.0 494.0
489.0 494.0
489.0 487.0
482.0 487.0
482.0 480.0
489.0 480.0
489.0 487.0
496.0 487.0
496.0 480.0
503.0 480.0
503.0 473.0
496.0 473.0
496.0 480.0
489.0 480.0
489.0 473.0
482.0 473.0
482.0 466.0
489.0 466.0
489.0 459.0
482.0 459.0
482.0 466.0
475.0 466.0
475.0 459.0
468.0 459.0
468.0 466.0
461.0 466.0
461.0 473.0
468.0 473.0
468.0 466.0
475.0 466.0
475.0 473.0
482.0 473.0
482.0 480.0
475.0 480.0
475.0 487.0
482.0 487.0
482.0 494.0
475.0 494.0
475.0 487.0
468.0 487.0
468.0 494.0
461.0 494.0
461.0 501.0
468.0 501.0
468.0 508.0
461.0 508.0
461.0 501.0
454.0 501.0
454.0 494.0
461.0 494.0
461.0 487.0
454.0 487.0
454.0 494.0
447.0 494.0
447.0 487.0
440.0 487.0
440.0 494.0
433.0 494.0
433.0 501.0
440.0 501.0
440.0 508.0
433.0 508.0
433.0 501.0
426.0 501.0
426.0 494.0
433.0 494.0
433.0 487.0
426.0 487.0
426.0 480.0
433.0 480.0
433.0 487.0
440.0 487.0
440.0 480.0
447.0 480.0
447.0 473.0
440.0 473.0
440.0 480.0
433.0 480.0
433.0 473.0
426.0 473.0
426.0 466.0
433.0 466.0
433.0 459.0
426.0 459.0
426.0 466.0
419.0 466.0
419.0 459.0
412.0 459.0
412.0 466.0
405.0 466.0
405.0 473.0
412.0 473.0
412.0 466.0
419.0 466.0
419.0 473.0
426.0 473.0
426.0 480.0
419.0 480.0
419.0 487.0
426.0 487.0
426.0 494.0
419.0 494.0
419.0 487.0
412.0 487.0
412.0 494.0
405.0 494.0
405.0 501.0
412.0 501.0
412.0 508.0
405.0 508.0
405.0 501.0
398.0 501.0
398.0 494.0
405.0 494.0
405.0 487.0
398.0 487.0
398.0 494.0
391.0 494.0
391.0 487.0
384.0 487.0
384.0 494.0
377.0 494.0
377.0 501.0
384.0 501.0
384.0 494.0
391.0 494.0
391.0 501.0
398.0 501.0
398.0 508.0
391.0 508.0
391.0 515.0
398.0 515.0
398.0 522.0
391.0 522.0
391.0 515.0
384.0 515.0
384.0 522.0
377.0 522.0
377.0 529.0
384.0 529.0
384.0 522.0
391.0 522.0
391.0 529.0
398.0 529.0
398.0 536.0
391.0 536.0
391.0 543.0
398.0 543.0
398.0 536.0
405.0 536.0
405.0 543.0
412.0 543.0
412.0 536.0
419.0 536.0
419.0 529.0
412.0 529.0
412.0 522.0
419.0 522.0
419.0 529.0
426.0 529.0
426.0 536.0
419.0 536.0
419.0 543.0
426.0 543.0
426.0 550.0
419.0 550.0
419.0 543.0
412.0 543.0
412.0 550.0
405.0 550.0
405.0 557.0
412.0 557.0
412.0 564.0
405.0 564.0
405.0 557.0
398.0 557.0
398.0 550.0
405.0 550.0
405.0 543.0
398.0 543.0
398.0 550.0
391.0 550.0
391.0 543.0
384.0 543.0
384.0 550.0
377.0 550.0
377.0 557.0
384.0 557.0
384.0 564.0
377.0 564.0
377.0 557.0
370.0 557.0
370.0 550.0
377.0 550.0
377.0 543.0
370.0 543.0
370.0 536.0
377.0 536.0
377.0 543.0
384.0 543.0
384.0 536.0
391.0 536.0
391.0 529.0
384.0 529.0
384.0 536.0
377.0 536.0
377.0 529.0
370.0 529.0
370.0 522.0
377.0 522.0
377.0 515.0
370.0 515.0
370.0 522.0
363.0 522.0
363.0 515.0
356.0 515.0
356.0 522.0
349.0 522.0
349.0 529.0
356.0 529.0
356.0 536.0
349.0 536.0
349.0 529.0
342.0 529.0
342.0 522.0
349.0 522.0
349.0 515.0
342.0 515.0
342.0 508.0
349.0 508.0
349.0 515.0
356.0 515.0
356.0 508.0
363.0 508.0
363.0 501.0
356.0 501.0
356.0 494.0
363.0 494.0
363.0 501.0
370.0 501.0
370.0 508.0
363.0 508.0
363.0 515.0
370.0 515.0
370.0 508.0
377.0 508.0
377.0 515.0
384.0 515.0
384.0 508.0
391.0 508.0
391.0 501.0
384.0 501.0
384.0 508.0
377.0 508.0
377.0 501.0
370.0 501.0
370.0 494.0
377.0 494.0
377.0 487.0
370.0 487.0
370.0 480.0
377.0 480.0
377.0 487.0
384.0 487.0
384.0 480.0
391.0 480.0
391.0 473.0
384.0 473.0
384.0 480.0
377.0 480.0
377.0 473.0
370.0 473.0
370.0 466.0
377.0 466.0
377.0 459.0
370.0 459.0
370.0 466.0
363.0 466.0
363.0 459.0
356.0 459.0
356.0 466.0
349.0 466.0
349.0 473.0
356.0 473.0
356.0 480.0
349.0 480.0
349.0 473.0
342.0 473.0
342.0 466.0
349.0 466.0
349.0 459.0
342.0 459.0
342.0 452.0
349.0 452.0
349.0 459.0
356.0 459.0
356.0 452.0
363.0 452.0
363.0 445.0
356.0 445.0
356.0 438.0
363.0 438.0
363.0 445.0
370.0 445.0
370.0 452.0
363.0 452.0
363.0 459.0
370.0 459.0
370.0 452.0
377.0 452.0
377.0 459.0
384.0 459.0
384.0 452.0
391.0 452.0
391.0 445.0
384.0 445.0
384.0 438.0
391.0 438.0
391.0 445.0
398.0 445.0
398.0 452.0
391.0 452.0
391.0 459.0
398.0 459.0
398.0 466.0
391.0 466.0
391.0 459.0
384.0 459.0
384.0 466.0
377.0 466.0
377.0 473.0
384.0 473.0
384.0 466.0
391.0 466.0
391.0 473.0
398.0 473.0
398.0 480.0
391.0 480.0
391.0 487.0
398.0 487.0
398.0 480.0
405.0 480.0
405.0 487.0
412.0 487.0
412.0 480.0
419.0 480.0
419.0 473.0
412.0 473.0
412.0 480.0
405.0 480.0
405.0 473.0
398.0 473.0
398.0 466.0
405.0 466.0
405.0 459.0
398.0 459.0
398.0 452.0
405.0 452.0
405.0 459.0
412.0 459.0
412.0 452.0
419.0 452.0
419.0 445.0
412.0 445.0
412.0 438.0
419.0 438.0
419.0 445.0
426.0 445.0
426.0 452.0
419.0 452.0
419.0 459.0
426.0 459.0
426.0 452.0
433.0 452.0
433.0 459.0
440.0 459.0
440.0 452.0
447.0 452.0
447.0 445.0
440.0 445.0
440.0 452.0
433.0 452.0
433.0 445.0
426.0 445.0
426.0 438.0
433.0 438.0
433.0 431.0
426.0 431.0
426.0 424.0
433.0 424.0
433.0 431.0
440.0 431.0
440.0 424.0
447.0 424.0
447.0 417.0
440.0 417.0
440.0 424.0
433.0 424.0
433.0 417.0
426.0 417.0
426.0 410.0
433.0 410.0
433.0 403.0
426.0 403.0
426.0 410.0
419.0 410.0
419.0 403.0
412.0 403.0
412.0 410.0
405.0 410.0
405.0 417.0
412.0 417.0
412.0 410.0
419.0 410.0
419.0 417.0
426.0 417.0
426.0 424.0
419.0 424.0
419.0 431.0
426.0 431.0
426.0 438.0
419.0 438.0
419.0 431.0
412.0 431.0
412.0 438.0
405.0 438.0
405.0 445.0
412.0 445.0
412.0 452.0
405.0 452.0
405.0 445.0
398.0 445.0
398.0 438.0
405.0 438.0
405.0 431.0
398.0 431.0
398.0 438.0
391.0 438.0
391.0 431.0
384.0 431.0
384.0 438.0
377.0 438.0
377.0 445.0
384.0 445.0
384.0 452.0
377.0 452.0
377.0 445.0
370.0 445.0
370.0 438.0
377.0 438.0
377.0 431.0
370.0 431.0
370.0 424.0
377.0 424.0
377.0 431.0
384.0 431.0
384.0 424.0
391.0 424.0
391.0 417.0
384.0 417.0
384.0 424.0
377.0 424.0
377.0 417.0
370.0 417.0
370.0 410.0
377.0 410.0
377.0 403.0
370.0 403.0
370.0 410.0
363.0 410.0
363.0 403.0
356.0 403.0
356.0 410.0
349.0 410.0
349.0 417.0
356.0 417.0
356.0 424.0
349.0 424.0
349.0 417.0
342.0 417.0
342.0 410.0
349.0 410.0
349.0 403.0
342.0 403.0
342.0 396.0
349.0 396.0
349.0 403.0
356.0 403.0
356.0 396.0
363.0 396.0
363.0 389.0
356.0 389.0
356.0 382.0
363.0 382.0
363.0 389.0
370.0 389.0
370.0 396.0
363.0 396.0
363.0 403.0
370.0 403.0
370.0 396.0
377.0 396.0
377.0 403.0
384.0 403.0
384.0 396.0
391.0 396.0
391.0 389.0
384.0 389.0
384.0 396.0
377.0 396.0
377.0 389.0
370.0 389.0
370.0 382.0
377.0 382.0
377.0 375.0
370.0 375.0
370.0 368.0
377.0 368.0
377.0 375.0
384.0 375.0
384.0 368.0
391.0 368.0
391.0 361.0
384.0 361.0
384.0 368.0
377.0 368.0
377.0 361.0
370.0 361.0
370.0 354.0
377.0 354.0
377.0 347.0
370.0 347.0
370.0 354.0
363.0 354.0
363.0 347.0
356.0 347.0
356.0 354.0
349.0 354.0
349.0 361.0
356.0 361.0
356.0 354.0
363.0 354.0
363.0 361.0
370.0 361.0
370.0 368.0
363.0 368.0
363.0 375.0
370.0 375.0
370.0 382.0
363.0 382.0
363.0 375.0
356.0 375.0
356.0 382.0
349.0 382.0
349.0 389.0
356.0 389.0
356.0 396.0
349.0 396.0
349.0 389.0
342.0 389.0
342.0 382.0
349.0 382.0
349.0 375.0
342.0 375.0
342.0 382.0
335.0 382.0
335.0 375.0
328.0 375.0
328.0 382.0
321.0 382.0
321.0 389.0
328.0 389.0
328.0 396.0
321.0 396.0
321.0 389.0
314.0 389.0
314.0 382.0
321.0 382.0
321.0 375.0
314.0 375.0
314.0 368.0
321.0 368.0
321.0 375.0
328.0 375.0
328.0 368.0
335.0 368.0
335.0 361.0
328.0 361.0
328.0 368.0
321.0 368.0
321.0 361.0
314.0 361.0
314.0 354.0
321.0 354.0
321.0 347.0
314.0 347.0
314.0 354.0
307.0 354.0
307.0 347.0
300.0 347.0
300.0 354.0
293.0 354.0
293.0 361.0
300.0 361.0
300.0 354.0
307.0 354.0
307.0 361.0
314.0 361.0
314.0 368.0
307.0 368.0
307.0 375.0
314.0 375.0
314.0 382.0
307.0 382.0
307.0 375.0
300.0 375.0
300.0 382.0
293.0 382.0
293.0 389.0
300.0 389.0
300.0 396.0
293.0 396.0
293.0 389.0
286.0 389.0
286.0 382.0
293.0 382.0
293.0 375.0
286.0 375.0
286.0 382.0
279.0 382.0
279.0 375.0
272.0 375.0
272.0 382.0
265.0 382.0
265.0 389.0
272.0 389.0
272.0 382.0
279.0 382.0
279.0 389.0
286.0 389.0
286.0 396.0
279.0 396.0
279.0 403.0
286.0 403.0
286.0 410.0
279.0 410.0
279.0 403.0
272.0 403.0
272.0 410.0
265.0 410.0
265.0 417.0
272.0 417.0
272.0 410.0
279.0 410.0
279.0 417.0
286.0 417.0
286.0 424.0
279.0 424.0
279.0 431.0
286.0 431.0
286.0 424.0
293.0 424.0
293.0 431.0
300.0 431.0
300.0 424.0
307.0 424.0
307.0 417.0
300.0 417.0
300.0 424.0
293.0 424.0
293.0 417.0
286.0 417.0
286.0 410.0
293.0 410.0
293.0 403.0
286.0 403.0
286.0 396.0
293.0 396.0
293.0 403.0
300.0 403.0
300.0 396.0
307.0 396.0
307.0 389.0
300.0 389.0
300.0 382.0
307.0 382.0
307.0 389.0
314.0 389.0
314.0 396.0
307.0 396.0
307.0 403.0
314.0 403.0
314.0 396.0
321.0 396.0
321.0 403.0
328.0 403.0
328.0 396.0
335.0 396.0
335.0 389.0
328.0 389.0
328.0 382.0
335.0 382.0
335.0 389.0
342.0 389.0
342.0 396.0
335.0 396.0
335.0 403.0
342.0 403.0
342.0 410.0
335.0 410.0
335.0 403.0
328.0 403.0
328.0 410.0
321.0 410.0
321.0 417.0
328.0 417.0
328.0 410.0
335.0 410.0
335.0 417.0
342.0 417.0
342.0 424.0
335.0 424.0
335.0 431.0
342.0 431.0
342.0 424.0
349.0 424.0
349.0 431.0
356.0 431.0
356.0 424.0
363.0 424.0
363.0 417.0
356.0 417.0
356.0 410.0
363.0 410.0
363.0 417.0
370.0 417.0
370.0 424.0
363.0 424.0
363.0 431.0
370.0 431.0
370.0 438.0
363.0 438.0
363.0 431.0
356.0 431.0
356.0 438.0
349.0 438.0
349.0 445.0
356.0 445.0
356.0 452.0
349.0 452.0
349.0 445.0
342.0 445.0
342.0 438.0
349.0 438.0
349.0 431.0
342.0 431.0
342.0 438.0
335.0 438.0
335.0 431.0
328.0 431.0
328.0 438.0
321.0 438.0
321.0 445.0
328.0 445.0
328.0 438.0
335.0 438.0
335.0 445.0
342.0 445.0
342.0 452.0
335.0 452.0
335.0 459.0
342.0 459.0
342.0 466.0
335.0 466.0
335.0 459.0
328.0 459.0
328.0 466.0
321.0 466.0
321.0 473.0
328.0 473.0
328.0 466.0
335.0 466.0
335.0 473.0
342.0 473.0
342.0 480.0
335.0 480.0
335.0 487.0
342.0 487.0
342.0 480.0
349.0 480.0
349.0 487.0
356.0 487.0
356.0 480.0
363.0 480.0
363.0 473.0
356.0 473.0
356.0 466.0
363.0 466.0
363.0 473.0
370.0 473.0
370.0 480.0
363.0 480.0
363.0 487.0
370.0 487.0
370.0 494.0
363.0 494.0
363.0 487.0
356.0 487.0
356.0 494.0
349.0 494.0
349.0 501.0
356.0 501.0
356.0 508.0
349.0 508.0
349.0 501.0
342.0 501.0
342.0 494.0
349.0 494.0
349.0 487.0
342.0 487.0
342.0 494.0
335.0 494.0
335.0 487.0
328.0 487.0
328.0 494.0
321.0 494.0
321.0 501.0
328.0 501.0
328.0 508.0
321.0 508.0
321.0 501.0
314.0 501.0
314.0 494.0
321.0 494.0
321.0 487.0
314.0 487.0
314.0 480.0
321.0 480.0
321.0 487.0
328.0 487.0
328.0 480.0
335.0 480.0
335.0 473.0
328.0 473.0
328.0 480.0
321.0 480.0
321.0 473.0
314.0 473.0
314.0 466.0
321.0 466.0
321.0 459.0
314.0 459.0
314.0 466.0
307.0 466.0
307.0 459.0
300.0 459.0
300.0 466.0
293.0 466.0
293.0 473.0
300.0 473.0
300.0 466.0
307.0 466.0
307.0 473.0
314.0 473.0
314.0 480.0
307.0 480.0
307.0 487.0
314.0 487.0
314.0 494.0
307.0 494.0
307.0 487.0
300.0 487.0
300.0 494.0
293.0 494.0
293.0 501.0
300.0 501.0
300.0 508.0
293.0 508.0
293.0 501.0
286.0 501.0
286.0 494.0
293.0 494.0
293.0 487.0
286.0 487.0
286.0 494.0
279.0 494.0
279.0 487.0
272.0 487.0
272.0 494.0
265.0 494.0
265.0 501.0
272.0 501.0
272.0 494.0
279.0 494.0
279.0 501.0
286.0 501.0
286.0 508.0
279.0 508.0
279.0 515.0
286.0 515.0
286.0 522.0
279.0 522.0
279.0 515.0
272.0 515.0
272.0 522.0
265.0 522.0
265.0 529.0
272.0 529.0
272.0 522.0
279.0 522.0
279.0 529.0
286.0 529.0
286.0 536.0
279.0 536.0
279.0 543.0
286.0 543.0
286.0 536.0
293.0 536.0
293.0 543.0
300.0 543.0
300.0 536.0
307.0 536.0
307.0 529.0
300.0 529.0
300.0 522.0
307.0 522.0
307.0 529.0
314.0 529.0
314.0 536.0
307.0 536.0
307.0 543.0
314.0 543.0
314.0 550.0
307.0 550.0
307.0 543.0
300.0 543.0
300.0 550.0
293.0 550.0
293.0 557.0
300.0 557.0
300.0 564.0
293.0 564.0
293.0 557.0
286.0 557.0
286.0 550.0
293.0 550.0
293.0 543.0
286.0 543.0
286.0 550.0
279.0 550.0
279.0 543.0
272.0 543.0
272.0 550.0
265.0 550.0
265.0 557.0
272.0 557.0
272.0 564.0
265.0 564.0
265.0 557.0
258.0 557.0
258.0 550.0
265.0 550.0
265.0 543.0
258.0 543.0
258.0 536.0
265.0 536.0
265.0 543.0
272.0 543.0
272.0 536.0
279.0 536.0
279.0 529.0
272.0 529.0
272.0 536.0
265.0 536.0
265.0 529.0
258.0 529.0
258.0 522.0
265.0 522.0
265.0 515.0
258.0 515.0
258.0 522.0
251.0 522.0
251.0 515.0
244.0 515.0
244.0 522.0
237.0 522.0
237.0 529.0
244.0 529.0
244.0 536.0
237.0 536.0
237.0 529.0
230.0 529.0
230.0 522.0
237.0 522.0
237.0 515.0
230.0 515.0
230.0 508.0
237.0 508.0
237.0 515.0
244.0 515.0
244.0 508.0
251.0 508.0
251.0 501.0
244.0 501.0
244.0 494.0
251.0 494.0
251.0 501.0
258.0 501.0
258.0 508.0
251.0 508.0
251.0 515.0
258.0 515.0
258.0 508.0
265.0 508.0
265.0 515.0
272.0 515.0
272.0 508.0
279.0 508.0
279.0 501.0
272.0 501.0
272.0 508.0
265.0 508.0
265.0 501.0
258.0 501.0
258.0 494.0
265.0 494.0
265.0 487.0
258.0 487.0
258.0 480.0
265.0 480.0
265.0 487.0
272.0 487.0
272.0 480.0
279.0 480.0
279.0 473.0
272.0 473.0
272.0 480.0
265.0 480.0
265.0 473.0
258.0 473.0
258.0 466.0
265.0 466.0
265.0 459.0
258.0 459.0
258.0 466.0
251.0 466.0
251.0 459.0
244.0 459.0
244.0 466.0
237.0 466.0
237.0 473.0
244.0 473.0
244.0 466.0
251.0 466.0
251.0 473.0
258.0 473.0
258.0 480.0
251.0 480.0
251.0 487.0
258.0 487.0
258.0 494.0
251.0 494.0
251.0 487.0
244.0 487.0
244.0 494.0
237.0 494.0
237.0 501.0
244.0 501.0
244.0 508.0
237.0 508.0
237.0 501.0
230.0 501.0
230.0 494.0
237.0 494.0
237.0 487.0
230.0 487.0
230.0 494.0
223.0 494.0
223.0 487.0
216.0 487.0
216.0 494.0
209.0 494.0
209.0 501.0
216.0 501.0
216.0 508.0
209.0 508.0
209.0 501.0
202.0 501.0
202.0 494.0
209.0 494.0
209.0 487.0
202.0 487.0
202.0 480.0
209.0 480.0
209.0 487.0
216.0 487.0
216.0 480.0
223.0 480.0
223.0 473.0
216.0 473.0
216.0 480.0
209.0 480.0
209.0 473.0
202.0 473.0
202.0 466.0
209.0 466.0
209.0 459.0
202.0 459.0
202.0 466.0
195.0 466.0
195.0 459.0
188.0 459.0
188.0 466.0
181.0 466.0
181.0 473.0
188.0 473.0
188.0 466.0
195.0 466.0
195.0 473.0
202.0 473.0
202.0 480.0
195.0 480.0
195.0 487.0
202.0 487.0
202.0 494.0
195.0 494.0
195.0 487.0
188.0 487.0
188.0 494.0
181.0 494.0
181.0 501.0
188.0 501.0
188.0 508.0
181.0 508.0
181.0 501.0
174.0 501.0
174.0 494.0
181.0 494.0
181.0 487.0
174.0 487.0
174.0 494.0
167.0 494.0
167.0 487.0
160.0 487.0
160.0 494.0
153.0 494.0
153.0 501.0
160.0 501.0
160.0 494.0
167.0 494.0
167.0 501.0
174.0 501.0
174.0 508.0
167.0 508.0
167.0 515.0
174.0 515.0
174.0 522.0
167.0 522.0
167.0 515.0
160.0 515.0
160.0 522.0
153.0 522.0
153.0 529.0
160.0 529.0
160.0 522.0
167.0 522.0
167.0 529.0
174.0 529.0
174.0 536.0
167.0 536.0
167.0 543.0
174.0 543.0
174.0 536.0
181.0 536.0
181.0 543.0
188.0 543.0
188.0 536.0
195.0 536.0
195.0 529.0
188.0 529.0
188.0 536.0
181.0 536.0
181.0 529.0
174.0 529.0
174.0 522.0
181.0 522.0
181.0 515.0
174.0 515.0
174.0 508.0
181.0 508.0
181.0 515.0
188.0 515.0
188.0 508.0
195.0 508.0
195.0 501.0
188.0 501.0
188.0 494.0
195.0 494.0
195.0 501.0
202.0 501.0
202.0 508.0
195.0 508.0
195.0 515.0
202.0 515.0
202.0 508.0
209.0 508.0
209.0 515.0
216.0 515.0
216.0 508.0
223.0 508.0
223.0 501.0
216.0 501.0
216.0 494.0
223.0 494.0
223.0 501.0
230.0 501.0
230.0 508.0
223.0 508.0
223.0 515.0
230.0 515.0
230.0 522.0
223.0 522.0
223.0 515.0
216.0 515.0
216.0 522.0
209.0 522.0
209.0 529.0
216.0 529.0
216.0 522.0
223.0 522.0
223.0 529.0
230.0 529.0
230.0 536.0
223.0 536.0
223.0 543.0
230.0 543.0
230.0 536.0
237.0 536.0
237.0 543.0
244.0 543.0
244.0 536.0
251.0 536.0
251.0 529.0
244.0 529.0
244.0 522.0
251.0 522.0
251.0 529.0
258.0 529.0
258.0 536.0
251.0 536.0
251.0 543.0
258.0 543.0
258.0 550.0
251.0 550.0
251.0 543.0
244.0 543.0
244.0 550.0
237.0 550.0
237.0 557.0
244.0 557.0
244.0 564.0
237.0 564.0
237.0 557.0
230.0 557.0
230.0 550.0
237.0 550.0
237.0 543.0
230.0 543.0
230.0 550.0
223.0 550.0
223.0 543.0
216.0 543.0
216.0 550.0
209.0 550.0
209.0 557.0
216.0 557.0
216.0 550.0
223.0 550.0
223.0 557.0
230.0 557.0
230.0 564.0
223.0 564.0
223.0 571.0
230.0 571.0
230.0 578.0
223.0 578.0
223.0 571.0
216.0 571.0
216.0 578.0
209.0 578.0
209.0 585.0
216.0 585.0
216.0 578.0
223.0 578.0
223.0 585.0
230.0 585.0
230.0 592.0
223.0 592.0
223.0 599.0
230.0 599.0
230.0 592.0
237.0 592.0
237.0 599.0
244.0 599.0
244.0 592.0
251.0 592.0
251.0 585.0
244.0 585.0
244.0 578.0
251.0 578.0
251.0 585.0
258.0 585.0
258.0 592.0
251.0 592.0
251.0 599.0
258.0 599.0
258.0 606.0
251.0 606.0
251.0 599.0
244.0 599.0
244.0 606.0
237.0 606.0
237.0 613.0
244.0 613.0
244.0 620.0
237.0 620.0
237.0 613.0
230.0 613.0
230.0 606.0
237.0 606.0
237.0 599.0
230.0 599.0
230.0 606.0
223.0 606.0
223.0 599.0
216.0 599.0
216.0 606.0
209.0 606.0
209.0 613.0
216.0 613.0
216.0 620.0
209.0 620.0
209.0 613.0
202.0 613.0
202.0 606.0
209.0 606.0
209.0 599.0
202.0 599.0
202.0 592.0
209.0 592.0
209.0 599.0
216.0 599.0
216.0 592.0
223.0 592.0
223.0 585.0
216.0 585.0
216.0 592.0
209.0 592.0
209.0 585.0
202.0 585.0
202.0 578.0
209.0 578.0
209.0 571.0
202.0 571.0
202.0 578.0
195.0 578.0
195.0 571.0
188.0 571.0
188.0 578.0
181.0 578.0
181.0 585.0
188.0 585.0
188.0 578.0
195.0 578.0
195.0 585.0
202.0 585.0
202.0 592.0
195.0 592.0
195.0 599.0
202.0 599.0
202.0 606.0
195.0 606.0
195.0 599.0
188.0 599.0
188.0 606.0
181.0 606.0
181.0 613.0
188.0 613.0
188.0 620.0
181.0 620.0
181.0 613.0
174.0 613.0
174.0 606.0
181.0 606.0
181.0 599.0
174.0 599.0
174.0 606.0
167.0 606.0
167.0 599.0
160.0 599.0
160.0 606.0
153.0 606.0
153.0 613.0
160.0 613.0
160.0 606.0
167.0 606.0
167.0 613.0
174.0 613.0
174.0 620.0
167.0 620.0
167.0 627.0
174.0 627.0
174.0 634.0
167.0 634.0
167.0 627.0
160.0 627.0
160.0 634.0
153.0 634.0
153.0 641.0
160.0 641.0
160.0 634.0
167.0 634.0
167.0 641.0
174.0 641.0
174.0 648.0
167.0 648.0
167.0 655.0
174.0 655.0
174.0 648.0
181.0 648.0
181.0 655.0
188.0 655.0
188.0 648.0
195.0 648.0
195.0 641.0
188.0 641.0
188.0 648.0
181.0 648.0
181.0 641.0
174.0 641.0
174.0 634.0
181.0 634.0
181.0 627.0
174.0 627.0
174.0 620.0
181.0 620.0
181.0 627.0
188.0 627.0
188.0 620.0
195.0 620.0
195.0 613.0
188.0 613.0
188.0 606.0
195.0 606.0
195.0 613.0
202.0 613.0
202.0 620.0
195.0 620.0
195.0 627.0
202.0 627.0
202.0 620.0
209.0 620.0
209.0 627.0
216.0 627.0
216.0 620.0
223.0 620.0
223.0 613.0
216.0 613.0
216.0 606.0
223.0 606.0
223.0 613.0
230.0 613.0
230.0 620.0
223.0 620.0
223.0 627.0
230.0 627.0
230.0 634.0
223.0 634.0
223.0 627.0
216.0 627.0
216.0 634.0
209.0 634.0
209.0 641.0
216.0 641.0
216.0 634.0
223.0 634.0
223.0 641.0
230.0 641.0
230.0 648.0
223.0 648.0
223.0 655.0
230.0 655.0
230.0 648.0
237.0 648.0
237.0 655.0
244.0 655.0
244.0 648.0
251.0 648.0
251.0 641.0
244.0 641.0
244.0 634.0
251.0 634.0
251.0 641.0
258.0 641.0
258.0 648.0
251.0 648.0
251.0 655.0
258.0 655.0
258.0 662.0
251.0 662.0
251.0 655.0
244.0 655.0
244.0 662.0
237.0 662.0
237.0 669.0
244.0 669.0
244.0 676.0
237.0 676.0
237.0 669.0
230.0 669.0
230.0 662.0
237.0 662.0
237.0 655.0
230.0 655.0
230.0 662.0
223.0 662.0
223.0 655.0
216.0 655.0
216.0 662.0
209.0 662.0
209.0 669.0
216.0 669.0
216.0 662.0
223.0 662.0
223.0 669.0
230.0 669.0
230.0 676.0
223.0 676.0
223.0 683.0
230.0 683.0
230.0 690.0
223.0 690.0
223.0 683.0
216.0 683.0
216.0 690.0
209.0 690.0
209.0 697.0
216.0 697.0
216.0 690.0
223.0 690.0
223.0 697.0
230.0 697.0
230.0 704.0
223.0 704.0
223.0 711.0
230.0 711.0
230.0 704.0
237.0 704.0
237.0 711.0
244.0 711.0
244.0 704.0
251.0 704.0
251.0 697.0
244.0 697.0
244.0 704.0
237.0 704.0
237.0 697.0
230.0 697.0
230.0 690.0
237.0 690.0
237.0 683.0
230.0 683.0
230.0 676.0
237.0 676.0
237.0 683.0
244.0 683.0
244.0 676.0
251.0 676.0
251.0 669.0
244.0 669.0
244.0 662.0
251.0 662.0
251.0 669.0
258.0 669.0
258.0 676.0
251.0 676.0
251.0 683.0
258.0 683.0
258.0 676.0
265.0 676.0
265.0 683.0
272.0 683.0
272.0 676.0
279.0 676.0
279.0 669.0
272.0 669.0
272.0 662.0
279.0 662.0
279.0 669.0
286.0 669.0
286.0 676.0
279.0 676.0
279.0 683.0
286.0 683.0
286.0 690.0
279.0 690.0
279.0 683.0
272.0 683.0
272.0 690.0
265.0 690.0
265.0 697.0
272.0 697.0
272.0 690.0
279.0 690.0
279.0 697.0
286.0 697.0
286.0 704.0
279.0 704.0
279.0 711.0
286.0 711.0
286.0 704.0
293.0 704.0
293.0 711.0
300.0 711.0
300.0 704.0
307.0 704.0
307.0 697.0
300.0 697.0
300.0 704.0
293.0 704.0
293.0 697.0
286.0 697.0
286.0 690.0
293.0 690.0
293.0 683.0
286.0 683.0
286.0 676.0
293.0 676.0
293.0 683.0
300.0 683.0
300.0 676.0
307.0 676.0
307.0 669.0
300.0 669.0
300.0 662.0
307.0 662.0
307.0 669.0
314.0 669.0
314.0 676.0
307.0 676.0
307.0 683.0
314.0 683.0
314.0 676.0
321.0 676.0
321.0 683.0
328.0 683.0
328.0 676.0
335.0 676.0
335.0 669.0
328.0 669.0
328.0 676.0
321.0 676.0
321.0 669.0
314.0 669.0
314.0 662.0
321.0 662.0
321.0 655.0
314.0 655.0
314.0 648.0
321.0 648.0
321.0 655.0
328.0 655.0
328.0 648.0
335.0 648.0
335.0 641.0
328.0 641.0
328.0 648.0
321.0 648.0
321.0 641.0
314.0 641.0
314.0 634.0
321.0 634.0
321.0 627.0
314.0 627.0
314.0 634.0
307.0 634.0
307.0 627.0
300.0 627.0
300.0 634.0
293.0 634.0
293.0 641.0
300.0 641.0
