300.0 744.0
300.0 738.0
306.0 738.0
306.0 732.0
300.0 732.0
300.0 726.0
306.0 726.0
306.0 732.0
312.0 732.0
312.0 726.0
318.0 726.0
318.0 720.0
324.0 720.0
324.0 714.0
318.0 714.0
318.0 708.0
312.0 708.0
312.0 702.0
306.0 702.0
306.0 708.0
300.0 708.0
300.0 702.0
306.0 702.0
306.0 696.0
300.0 696.0
300.0 690.0
306.0 690.0
306.0 696.0
312.0 696.0
312.0 690.0
318.0 690.0
318.0 696.0
312.0 696.0
312.0 702.0
318.0 702.0
318.0 708.0
324.0 708.0
324.0 714.0
330.0 714.0
330.0 708.0
336.0 708.0
336.0 702.0
342.0 702.0
342.0 696.0
336.0 696.0
336.0 690.0
342.0 690.0
342.0 696.0
348.0 696.0
348.0 690.0
354.0 690.0
354.0 684.0
360.0 684.0
360.0 678.0
354.0 678.0
354.0 672.0
360.0 672.0
360.0 678.0
366.0 678.0
366.0 672.0
372.0 672.0
372.0 666.0
378.0 666.0
378.0 660.0
372.0 660.0
372.0 654.0
366.0 654.0
366.0 648.0
360.0 648.0
360.0 654.0
354.0 654.0
354.0 648.0
360.0 648.0
360.0 642.0
354.0 642.0
354.0 636.0
348.0 636.0
348.0 630.0
342.0 630.0
342.0 636.0
336.0 636.0
336.0 630.0
342.0 630.0
342.0 624.0
336.0 624.0
336.0 618.0
330.0 618.0
330.0 612.0
324.0 612.0
324.0 618.0
318.0 618.0
318.0 624.0
312.0 624.0
312.0 630.0
318.0 630.0
318.0 636.0
312.0 636.0
312.0 630.0
306.0 630.0
306.0 636.0
300.0 636.0
300.0 630.0
306.0 630.0
306.0 624.0
300.0 624.0
300.0 618.0
306.0 618.0
306.0 624.0
312.0 624.0
312.0 618.0
318.0 618.0
318.0 612.0
324.0 612.0
324.0 606.0
318.0 606.0
318.0 600.0
312.0 600.0
312.0 594.0
306.0 594.0
306.0 600.0
300.0 600.0
300.0 594.0
306.0 594.0
306.0 588.0
300.0 588.0
300.0 582.0
306.0 582.0
306.0 588.0
312.0 588.0
312.0 582.0
318.0 582.0
318.0 588.0
312.0 588.0
312.0 594.0
318.0 594.0
318.0 600.0
324.0 600.0
324.0 606.0
330.0 606.0
330.0 600.0
336.0 600.0
336.0 594.0
342.0 594.0
342.0 588.0
336.0 588.0
336.0 582.0
342.0 582.0
342.0 588.0
348.0 588.0
348.0 582.0
354.0 582.0
354.0 588.0
348.0 588.0
348.0 594.0
354.0 594.0
354.0 600.0
348.0 600.0
348.0 594.0
342.0 594.0
342.0 600.0
336.0 600.0
336.0 606.0
330.0 606.0
330.0 612.0
336.0 612.0
336.0 618.0
342.0 618.0
342.0 624.0
348.0 624.0
348.0 618.0
354.0 618.0
354.0 624.0
348.0 624.0
348.0 630.0
354.0 630.0
354.0 636.0
360.0 636.0
360.0 642.0
366.0 642.0
366.0 636.0
372.0 636.0
372.0 642.0
366.0 642.0
366.0 648.0
372.0 648.0
372.0 654.0
378.0 654.0
378.0 660.0
384.0 660.0
384.0 654.0
390.0 654.0
390.0 648.0
396.0 648.0
396.0 642.0
390.0 642.0
390.0 636.0
396.0 636.0
396.0 642.0
402.0 642.0
402.0 636.0
408.0 636.0
408.0 630.0
414.0 630.0
414.0 624.0
408.0 624.0
408.0 618.0
414.0 618.0
414.0 624.0
420.0 624.0
420.0 618.0
426.0 618.0
426.0 612.0
432.0 612.0
432.0 606.0
426.0 606.0
426.0 600.0
420.0 600.0
420.0 594.0
414.0 594.0
414.0 600.0
408.0 600.0
408.0 594.0
414.0 594.0
414.0 588.0
408.0 588.0
408.0 582.0
414.0 582.0
414.0 588.0
420.0 588.0
420.0 582.0
426.0 582.0
426.0 588.0
420.0 588.0
420.0 594.0
426.0 594.0
426.0 600.0
432.0 600.0
432.0 606.0
438.0 606.0
438.0 600.0
444.0 600.0
444.0 594.0
450.0 594.0
450.0 588.0
444.0 588.0
444.0 582.0
450.0 582.0
450.0 588.0
456.0 588.0
456.0 582.0
462.0 582.0
462.0 576.0
468.0 576.0
468.0 570.0
462.0 570.0
462.0 564.0
468.0 564.0
468.0 570.0
474.0 570.0
474.0 564.0
480.0 564.0
480.0 558.0
486.0 558.0
486.0 552.0
480.0 552.0
480.0 546.0
474.0 546.0
474.0 540.0
468.0 540.0
468.0 546.0
462.0 546.0
462.0 540.0
468.0 540.0
468.0 534.0
462.0 534.0
462.0 528.0
468.0 528.0
468.0 534.0
474.0 534.0
474.0 528.0
480.0 528.0
480.0 534.0
474.0 534.0
474.0 540.0
480.0 540.0
480.0 546.0
486.0 546.0
486.0 552.0
492.0 552.0
492.0 546.0
498.0 546.0
498.0 540.0
504.0 540.0
504.0 534.0
498.0 534.0
498.0 528.0
504.0 528.0
504.0 534.0
510.0 534.0
510.0 528.0
516.0 528.0
516.0 522.0
522.0 522.0
522.0 516.0
516.0 516.0
516.0 510.0
522.0 510.0
522.0 516.0
528.0 516.0
528.0 510.0
534.0 510.0
534.0 504.0
540.0 504.0
540.0 498.0
534.0 498.0
534.0 492.0
528.0 492.0
528.0 486.0
522.0 486.0
522.0 492.0
516.0 492.0
516.0 486.0
522.0 486.0
522.0 480.0
516.0 480.0
516.0 474.0
510.0 474.0
510.0 468.0
504.0 468.0
504.0 474.0
498.0 474.0
498.0 468.0
504.0 468.0
504.0 462.0
498.0 462.0
498.0 456.0
492.0 456.0
492.0 450.0
486.0 450.0
486.0 456.0
480.0 456.0
480.0 462.0
474.0 462.0
474.0 468.0
480.0 468.0
480.0 474.0
474.0 474.0
474.0 468.0
468.0 468.0
468.0 474.0
462.0 474.0
462.0 468.0
468.0 468.0
468.0 462.0
462.0 462.0
462.0 456.0
468.0 456.0
468.0 462.0
474.0 462.0
474.0 456.0
480.0 456.0
480.0 450.0
486.0 450.0
486.0 444.0
480.0 444.0
480.0 438.0
474.0 438.0
474.0 432.0
468.0 432.0
468.0 438.0
462.0 438.0
462.0 432.0
468.0 432.0
468.0 426.0
462.0 426.0
462.0 420.0
456.0 420.0
456.0 414.0
450.0 414.0
450.0 420.0
444.0 420.0
444.0 414.0
450.0 414.0
450.0 408.0
444.0 408.0
444.0 402.0
438.0 402.0
438.0 396.0
432.0 396.0
432.0 402.0
426.0 402.0
426.0 408.0
420.0 408.0
420.0 414.0
426.0 414.0
426.0 420.0
420.0 420.0
420.0 414.0
414.0 414.0
414.0 420.0
408.0 420.0
408.0 414.0
414.0 414.0
414.0 408.0
408.0 408.0
408.0 402.0
414.0 402.0
414.0 408.0
420.0 408.0
420.0 402.0
426.0 402.0
426.0 396.0
432.0 396.0
432.0 390.0
426.0 390.0
426.0 384.0
420.0 384.0
420.0 378.0
414.0 378.0
414.0 384.0
408.0 384.0
408.0 378.0
414.0 378.0
414.0 372.0
408.0 372.0
408.0 366.0
402.0 366.0
402.0 360.0
396.0 360.0
396.0 366.0
390.0 366.0
390.0 360.0
396.0 360.0
396.0 354.0
390.0 354.0
390.0 348.0
384.0 348.0
384.0 342.0
378.0 342.0
378.0 348.0
372.0 348.0
372.0 354.0
366.0 354.0
366.0 360.0
372.0 360.0
372.0 366.0
366.0 366.0
366.0 360.0
360.0 360.0
360.0 366.0
354.0 366.0
354.0 372.0
348.0 372.0
348.0 378.0
354.0 378.0
354.0 384.0
348.0 384.0
348.0 378.0
342.0 378.0
342.0 384.0
336.0 384.0
336.0 390.0
330.0 390.0
330.0 396.0
336.0 396.0
336.0 402.0
342.0 402.0
342.0 408.0
348.0 408.0
348.0 402.0
354.0 402.0
354.0 408.0
348.0 408.0
348.0 414.0
354.0 414.0
354.0 420.0
348.0 420.0
348.0 414.0
342.0 414.0
342.0 420.0
336.0 420.0
336.0 414.0
342.0 414.0
342.0 408.0
336.0 408.0
336.0 402.0
330.0 402.0
330.0 396.0
324.0 396.0
324.0 402.0
318.0 402.0
318.0 408.0
312.0 408.0
312.0 414.0
318.0 414.0
318.0 420.0
312.0 420.0
312.0 414.0
306.0 414.0
306.0 420.0
300.0 420.0
300.0 414.0
306.0 414.0
306.0 408.0
300.0 408.0
300.0 402.0
306.0 402.0
306.0 408.0
312.0 408.0
312.0 402.0
318.0 402.0
318.0 396.0
324.0 396.0
324.0 390.0
318.0 390.0
318.0 384.0
312.0 384.0
312.0 378.0
306.0 378.0
306.0 384.0
300.0 384.0
300.0 378.0
306.0 378.0
306.0 372.0
300.0 372.0
300.0 366.0
306.0 366.0
306.0 372.0
312.0 372.0
312.0 366.0
318.0 366.0
318.0 372.0
312.0 372.0
312.0 378.0
318.0 378.0
318.0 384.0
324.0 384.0
324.0 390.0
330.0 390.0
330.0 384.0
336.0 384.0
336.0 378.0
342.0 378.0
342.0 372.0
336.0 372.0
336.0 366.0
342.0 366.0
342.0 372.0
348.0 372.0
348.0 366.0
354.0 366.0
354.0 360.0
360.0 360.0
360.0 354.0
354.0 354.0
354.0 348.0
360.0 348.0
360.0 354.0
366.0 354.0
366.0 348.0
372.0 348.0
372.0 342.0
378.0 342.0
378.0 336.0
372.0 336.0
372.0 330.0
366.0 330.0
366.0 324.0
360.0 324.0
360.0 330.0
354.0 330.0
354.0 324.0
360.0 324.0
360.0 318.0
354.0 318.0
354.0 312.0
348.0 312.0
348.0 306.0
342.0 306.0
342.0 312.0
336.0 312.0
336.0 306.0
342.0 306.0
342.0 300.0
336.0 300.0
336.0 294.0
330.0 294.0
330.0 288.0
324.0 288.0
324.0 294.0
318.0 294.0
318.0 300.0
312.0 300.0
312.0 306.0
318.0 306.0
318.0 312.0
312.0 312.0
312.0 306.0
306.0 306.0
306.0 312.0
300.0 312.0
300.0 306.0
306.0 306.0
306.0 300.0
300.0 300.0
300.0 294.0
306.0 294.0
306.0 300.0
312.0 300.0
312.0 294.0
318.0 294.0
318.0 288.0
324.0 288.0
324.0 282.0
318.0 282.0
318.0 276.0
312.0 276.0
312.0 270.0
306.0 270.0
306.0 276.0
300.0 276.0
300.0 270.0
306.0 270.0
306.0 264.0
300.0 264.0
300.0 258.0
